<?xml version="1.0" standalone="no"?>
<!DOCTYPE svg PUBLIC "-//W3C//DTD SVG 20010904//EN"
 "http://www.w3.org/TR/2001/REC-SVG-20010904/DTD/svg10.dtd">
<svg version="1.0" xmlns="http://www.w3.org/2000/svg"
 width="720.000000pt" height="720.000000pt" viewBox="0 0 720.000000 720.000000"
 preserveAspectRatio="xMidYMid meet">

<g transform="translate(0.000000,720.000000) scale(0.100000,-0.100000)"
fill="#000000" stroke="none">
<path d="M4430 5230 c0 -5 5 -10 11 -10 5 0 7 5 4 10 -3 6 -8 10 -11 10 -2 0
-4 -4 -4 -10z"/>
<path d="M3843 4575 c-3 -9 -3 -18 0 -22 10 -10 37 6 37 22 0 20 -29 20 -37 0z"/>
<path d="M4345 4273 c-45 -61 -126 -225 -165 -334 -17 -46 -35 -88 -40 -93 -6
-6 -10 -22 -10 -37 0 -22 -12 -37 -57 -72 -106 -80 -154 -110 -164 -100 -5 5
-15 51 -21 102 -11 86 -10 94 8 119 11 15 34 34 52 42 17 8 30 20 28 25 -7 23
-38 14 -76 -22 -30 -29 -42 -49 -49 -84 -6 -36 -17 -55 -51 -85 -78 -71 -110
-80 -137 -36 -10 15 -22 30 -26 33 -16 11 -44 -2 -78 -37 -49 -50 -61 -46 -59
24 1 31 2 65 1 75 -4 56 -109 -32 -155 -131 -44 -91 -60 -83 -31 16 11 36 21
52 33 52 14 0 14 2 3 9 -18 11 -9 61 24 136 14 31 25 63 25 73 -1 31 -36 -22
-66 -100 -21 -53 -41 -83 -77 -117 -56 -52 -96 -81 -114 -81 -26 0 -9 82 41
194 14 32 26 62 26 67 0 20 -26 7 -48 -24 -51 -72 -48 -71 -81 -57 -44 18 -79
-8 -142 -104 -29 -45 -83 -123 -121 -173 -100 -137 -117 -126 -93 59 19 146
23 156 116 319 115 199 163 332 116 317 -21 -7 -86 -100 -122 -176 -19 -40
-51 -123 -72 -184 l-38 -112 -123 -121 c-68 -66 -128 -122 -134 -124 -11 -4
-9 7 17 134 59 278 64 319 42 313 -8 -2 -71 -72 -141 -156 -126 -150 -265
-286 -326 -317 -96 -50 -105 71 -22 279 90 223 238 396 337 396 70 0 70 -89 0
-234 -42 -85 -43 -125 -2 -55 75 128 102 255 63 298 -24 26 -84 28 -128 5 -85
-44 -208 -197 -273 -338 -109 -236 -110 -407 -3 -393 72 10 167 94 350 310 55
64 105 117 110 117 6 0 8 -10 5 -22 -2 -13 -14 -68 -26 -124 -45 -218 -66
-281 -107 -330 -87 -102 -135 -171 -145 -206 -23 -73 15 -90 77 -35 36 31 94
139 123 230 9 27 50 75 143 168 72 71 133 127 136 125 2 -3 -1 -50 -8 -105
-13 -107 -10 -140 16 -165 14 -15 18 -15 42 0 15 8 56 53 91 100 51 67 68 83
83 78 25 -8 71 25 128 92 25 29 48 53 52 53 4 1 7 -27 5 -61 l-2 -63 30 -3
c23 -2 44 8 85 38 63 47 69 42 51 -41 -15 -70 -14 -119 2 -119 20 0 36 22 107
148 35 61 68 112 72 112 19 0 21 -8 19 -57 -2 -53 11 -93 31 -93 7 0 33 18 59
40 26 22 50 40 54 40 3 0 18 -13 32 -30 37 -45 69 -40 143 21 33 28 64 49 67
45 4 -3 6 -33 6 -66 0 -44 -4 -66 -16 -78 -16 -15 -17 -15 -17 1 0 10 -5 15
-10 12 -6 -4 -8 -15 -5 -25 3 -11 -4 -29 -18 -46 -13 -16 -36 -50 -50 -76
l-26 -46 31 -11 c17 -6 38 -11 48 -11 30 0 76 62 93 125 13 48 25 68 59 98 49
44 147 111 154 105 7 -8 -17 -172 -29 -197 -9 -19 -9 -25 1 -28 6 -3 12 -11
12 -18 0 -7 6 -15 14 -18 15 -6 56 19 56 33 0 10 80 178 93 195 4 6 22 32 40
59 47 71 57 70 57 -4 0 -106 25 -126 105 -80 29 16 55 30 58 30 3 0 3 -17 0
-39 -4 -31 -1 -43 16 -60 51 -51 131 -6 131 73 0 46 13 66 45 66 11 1 38 7 60
15 21 8 41 12 43 10 2 -2 -15 -77 -37 -167 -46 -186 -47 -192 -61 -311 -12
-101 -3 -135 24 -96 9 13 16 29 16 36 0 7 7 30 16 52 14 35 20 39 53 43 28 2
37 0 34 -9 -3 -7 2 -13 11 -13 9 0 13 6 10 14 -3 8 -1 17 5 21 19 11 12 28 -9
22 -11 -3 -20 -1 -20 5 0 6 -6 8 -14 5 -30 -12 -29 22 1 93 72 166 155 298
218 345 50 39 69 28 61 -33 -6 -37 -14 -52 -39 -72 -65 -50 -146 -136 -152
-163 -8 -30 8 -57 32 -57 39 0 126 96 166 183 17 38 37 51 161 101 30 12 37
19 28 28 -8 8 -26 5 -69 -11 -99 -38 -93 -39 -93 11 0 59 -24 83 -66 68 -47
-18 -122 -99 -176 -190 -27 -47 -56 -92 -63 -100 -7 -8 -24 -41 -38 -74 -27
-66 -41 -63 -26 5 42 185 72 295 113 403 28 74 31 86 17 86 -4 0 -22 -35 -40
-77 -17 -43 -35 -84 -39 -92 -11 -19 -99 -49 -154 -52 -54 -3 -71 -15 -58 -39
26 -48 0 -114 -42 -108 -47 6 -30 115 27 172 31 31 35 46 14 46 -5 0 -37 -25
-71 -56 -65 -58 -132 -99 -147 -90 -5 3 -12 41 -16 83 -4 43 -12 81 -18 85
-34 21 -108 -68 -182 -219 -40 -81 -72 -111 -61 -55 3 15 13 72 22 127 18 112
51 207 94 275 44 69 160 307 160 329 0 28 -23 17 -55 -26z m-1418 -130 c-21
-49 -78 -158 -88 -167 -18 -19 -9 15 23 81 37 80 57 113 69 113 4 0 3 -12 -4
-27z m153 -356 c0 -18 -117 -143 -126 -134 -9 9 43 108 68 130 24 20 58 23 58
4z m1966 -211 c-19 -29 -76 -72 -76 -56 0 17 84 103 88 91 2 -7 -3 -22 -12
-35z m-1208 -107 c-10 -29 -33 -48 -45 -36 -7 7 35 67 47 67 5 0 4 -14 -2 -31z
m-1488 -154 c-28 -74 -72 -135 -97 -135 -7 0 -13 3 -13 6 0 20 97 154 111 154
5 0 4 -11 -1 -25z"/>
<path d="M3972 3427 c-30 -32 -29 -71 3 -85 34 -16 35 -15 35 7 0 10 7 32 15
47 8 16 15 35 15 42 0 20 -45 13 -68 -11z"/>
<path d="M4873 3405 c-17 -18 -16 -30 1 -44 11 -9 15 -6 20 15 8 32 -4 48 -21
29z"/>
<path d="M4923 3333 c-18 -7 -16 -23 2 -23 7 0 19 -8 24 -17 9 -16 10 -16 11
-1 0 21 -10 48 -19 47 -3 0 -12 -3 -18 -6z"/>
<path d="M1930 3305 c7 -9 15 -13 17 -11 7 7 -7 26 -19 26 -6 0 -6 -6 2 -15z"/>
<path d="M4890 3290 c0 -5 5 -10 10 -10 6 0 10 5 10 10 0 6 -4 10 -10 10 -5 0
-10 -4 -10 -10z"/>
<path d="M5300 3288 c-38 -10 -65 -41 -53 -61 4 -6 6 -27 4 -47 -4 -56 24 -75
113 -76 116 -2 108 1 85 -39 -22 -38 -29 -41 -46 -24 -8 8 -16 -5 -28 -45 -24
-76 -14 -144 28 -205 53 -76 51 -75 147 -76 49 0 86 3 83 8 -2 4 -11 7 -18 7
-11 0 -12 6 -5 26 15 38 13 41 -29 83 -22 22 -45 57 -52 79 -9 31 -19 44 -40
51 -16 5 -29 15 -29 20 0 15 47 44 60 36 9 -6 16 34 10 60 -1 6 -2 20 -2 33 0
14 -7 22 -17 22 -24 0 -89 47 -96 69 -3 11 -14 23 -24 26 -11 3 -24 19 -31 35
-7 17 -15 30 -19 29 -3 -1 -22 -5 -41 -11z"/>
<path d="M4907 3230 c3 -11 9 -17 14 -14 14 8 10 34 -5 34 -9 0 -12 -7 -9 -20z"/>
<path d="M4293 3153 c-13 -5 -19 -33 -8 -33 10 0 65 30 65 35 0 6 -41 5 -57
-2z"/>
<path d="M4157 3133 c-10 -9 -9 -23 1 -23 5 0 9 7 9 15 0 17 -1 18 -10 8z"/>
<path d="M3065 3031 c-6 -11 9 -23 19 -14 9 9 7 23 -3 23 -6 0 -12 -4 -16 -9z"/>
<path d="M3106 3024 c-10 -26 -7 -34 14 -34 15 0 20 7 20 25 0 28 -24 34 -34
9z"/>
<path d="M4263 3003 c-16 -6 -18 -103 -3 -103 6 0 10 6 10 14 0 8 12 29 26 46
20 23 34 30 53 28 l26 -3 0 -170 0 -170 -30 -4 c-59 -7 3 -16 82 -12 58 3 69
6 43 10 l-35 6 -3 168 c-2 143 0 168 13 173 29 12 66 -7 88 -44 l22 -37 3 44
c2 28 -1 47 -10 53 -13 8 -261 9 -285 1z"/>
<path d="M2802 2973 c-6 -16 -24 -66 -41 -113 -65 -188 -71 -201 -105 -216
-29 -13 -27 -13 49 -12 44 0 70 3 58 5 -36 7 -46 27 -33 68 l12 35 64 0 c61 0
65 -2 75 -27 15 -40 7 -66 -21 -74 -14 -4 11 -7 60 -7 47 0 76 3 65 5 -11 3
-25 10 -32 15 -6 5 -37 86 -68 179 -31 93 -60 169 -65 169 -4 0 -12 -12 -18
-27z m34 -136 c9 -28 19 -58 22 -64 3 -10 -11 -13 -53 -13 -50 0 -56 2 -50 18
4 9 12 33 17 52 14 48 27 72 38 65 5 -3 16 -29 26 -58z"/>
<path d="M3467 2993 c31 -6 34 -25 31 -193 -3 -143 -3 -145 -28 -157 -22 -11
-10 -13 88 -13 121 0 138 5 189 53 61 57 67 182 13 258 -34 47 -75 59 -202 58
-62 -1 -103 -4 -91 -6z m214 -20 c52 -31 76 -164 44 -247 -25 -65 -60 -88
-127 -84 l-53 3 -3 160 c-1 87 0 165 2 172 8 19 102 17 137 -4z"/>
<path d="M5227 2806 c-4 -10 -1 -13 8 -9 8 3 12 9 9 14 -7 12 -11 11 -17 -5z"/>
<path d="M5812 2808 c2 -6 10 -14 16 -16 7 -2 10 2 6 12 -7 18 -28 22 -22 4z"/>
<path d="M5254 2772 c-17 -27 -12 -77 7 -74 10 1 19 -7 22 -19 3 -12 10 -18
16 -14 14 8 14 21 -1 37 -27 29 -38 56 -25 61 8 3 9 8 2 16 -8 7 -13 6 -21 -7z"/>
<path d="M3150 2761 c0 -13 26 -21 65 -21 39 0 65 8 65 21 0 5 -29 9 -65 9
-36 0 -65 -4 -65 -9z"/>
<path d="M3953 2758 c2 -9 24 -13 62 -13 38 0 60 4 63 13 3 9 -14 12 -63 12
-49 0 -66 -3 -62 -12z"/>
<path d="M5315 2731 c3 -6 15 -11 25 -11 10 0 21 -6 24 -12 3 -7 5 -4 3 7 -1
14 -11 21 -31 23 -18 2 -26 0 -21 -7z"/>
<path d="M5565 2600 c3 -5 10 -10 16 -10 5 0 9 5 9 10 0 6 -7 10 -16 10 -8 0
-12 -4 -9 -10z"/>
<path d="M5355 2507 c-4 -10 -5 -21 -1 -24 10 -10 18 4 13 24 -4 17 -4 17 -12
0z"/>
<path d="M4720 2490 c0 -5 -7 -10 -15 -10 -10 0 -15 -10 -15 -30 0 -20 5 -30
15 -30 9 0 15 -9 15 -25 0 -26 23 -44 55 -40 37 4 80 18 103 33 30 20 44 2 32
-39 -5 -16 -7 -29 -4 -29 3 0 0 -9 -6 -21 -9 -15 -8 -24 2 -36 14 -17 17 -45
6 -53 -4 -3 3 -19 16 -34 l23 -29 32 33 c19 21 27 36 21 40 -15 9 -22 70 -8
70 6 0 7 7 3 18 -4 9 -10 40 -12 67 -3 28 -9 54 -13 59 -5 5 -28 9 -51 8 -39
-2 -75 9 -142 44 -33 16 -57 18 -57 4z m247 -176 c-3 -3 -12 -4 -19 -1 -8 3
-5 6 6 6 11 1 17 -2 13 -5z"/>
<path d="M4997 2178 c-2 -7 0 -24 5 -38 6 -20 16 -26 45 -28 41 -3 103 15 103
29 0 15 -40 10 -46 -6 -4 -8 -15 -15 -26 -15 -16 0 -18 3 -9 14 9 11 6 18 -18
35 -33 24 -48 26 -54 9z"/>
</g>
</svg>
